words
ABLE
ABUNDANCE
ABUNDANT
ACCLAIMED
ACCOMPLISH
ACCOMPLISHED
ACCOMPLISHES
ACCOMPLISHING
ACCOMPLISHMENT
ACCOMPLISHMENTS
ACHIEVE
ACHIEVED
ACHIEVEMENT
ACHIEVEMENTS
ACHIEVES
ACHIEVING
ADEQUATELY
ADVANCEMENT
ADVANCEMENTS
ADVANCES
ADVANCING
ADVANTAGE
ADVANTAGED
ADVANTAGEOUS
ADVANTAGEOUSLY
ADVANTAGES
ALLIANCE
ALLIANCES
ASSURE
ASSURED
ASSURES
ASSURING
ATTAIN
ATTAINED
ATTAINING
ATTAINMENT
ATTAINMENTS
ATTAINS
ATTRACTIVE
ATTRACTIVENESS
BEAUTIFUL
BEAUTIFULLY
BENEFICIAL
BENEFICIALLY
BENEFIT
BENEFITED
BENEFITING
BENEFITTED
BENEFITTING
BEST
BETTER
BOLSTERED
BOLSTERING
BOLSTERS
BOOM
BOOMING
BOOST
BOOSTED
BREAKTHROUGH
BREAKTHROUGHS
BRILLIANT
CHARITABLE
COLLABORATE
COLLABORATED
COLLABORATES
COLLABORATING
COLLABORATION
COLLABORATIONS
COLLABORATIVE
COLLABORATOR
COLLABORATORS
COMPLIMENT
COMPLIMENTARY
COMPLIMENTED
COMPLIMENTING
COMPLIMENTS
CONCLUSIVE
CONCLUSIVELY
CONDUCIVE
CONFIDENT
CONSTRUCTIVE
CONSTRUCTIVELY
COURTEOUS
CREATIVE
CREATIVELY
CREATIVENESS
CREATIVITY
DELIGHT
DELIGHTED
DELIGHTFUL
DELIGHTFULLY
DELIGHTING
DELIGHTS
DEPENDABILITY
DEPENDABLE
DESIRABLE
DESIRED
DESPITE
DESTINED
DILIGENT
DILIGENTLY
DISTINCTION
DISTINCTIONS
DISTINCTIVE
DISTINCTIVELY
DISTINCTIVENESS
DREAM
EASIER
EASILY
EASY
EFFECTIVE
EFFICIENCIES
EFFICIENCY
EFFICIENT
EFFICIENTLY
EMPOWER
EMPOWERED
EMPOWERING
EMPOWERS
ENABLE
ENABLED
ENABLES
ENABLING
ENCOURAGED
ENCOURAGEMENT
ENCOURAGES
ENCOURAGING
ENHANCE
ENHANCED
ENHANCEMENT
ENHANCEMENTS
ENHANCES
ENHANCING
ENJOY
ENJOYABLE
ENJOYABLY
ENJOYED
ENJOYING
ENJOYMENT
ENJOYS
ENTHUSIASM
ENTHUSIASTIC
ENTHUSIASTICALLY
EXCELLENCE
EXCELLENT
EXCELLING
EXCELS
EXCEPTIONAL
EXCEPTIONALLY
EXCITED
EXCITEMENT
EXCITING
EXCLUSIVE
EXCLUSIVELY
EXCLUSIVENESS
EXCLUSIVES
EXCLUSIVITY
EXEMPLARY
FANTASTIC
FAVORABLE
FAVORABLY
FAVORED
FAVORING
FAVORITE
FAVORITES
FRIENDLY
GAIN
GAINED
GAINING
GAINS
GOOD
GREAT
GREATER
GREATEST
GREATLY
GREATNESS
HAPPIEST
HAPPILY
HAPPINESS
HAPPY
HIGHEST
HONOR
HONORABLE
HONORED
HONORING
HONORS
IDEAL
IMPRESS
IMPRESSED
IMPRESSES
IMPRESSING
IMPRESSIVE
IMPRESSIVELY
IMPROVE
IMPROVED
IMPROVEMENT
IMPROVEMENTS
IMPROVES
IMPROVING
INCREDIBLE
INCREDIBLY
INFLUENTIAL
INFORMATIVE
INGENUITY
INNOVATE
INNOVATED
INNOVATES
INNOVATING
INNOVATION
INNOVATIONS
INNOVATIVE
INNOVATIVENESS
INNOVATOR
INNOVATORS
INSIGHTFUL
INSPIRATION
INSPIRATIONAL
INTEGRITY
INVENT
INVENTED
INVENTING
INVENTION
INVENTIONS
INVENTIVE
INVENTIVENESS
INVENTOR
INVENTORS
LEADERSHIP
LEADING
LOYAL
LUCRATIVE
MERITORIOUS
OPPORTUNITIES
OPPORTUNITY
OPTIMISTIC
OUTPERFORM
OUTPERFORMED
OUTPERFORMING
OUTPERFORMS
PERFECT
PERFECTED
PERFECTLY
PERFECTS
PLEASANT
PLEASANTLY
PLEASED
PLEASURE
PLENTIFUL
POPULAR
POPULARITY
POSITIVE
POSITIVELY
PREEMINENCE
PREEMINENT
PREMIER
PREMIERE
PRESTIGE
PRESTIGIOUS
PROACTIVE
PROACTIVELY
PROFICIENCY
PROFICIENT
PROFICIENTLY
PROFITABILITY
PROFITABLE
PROFITABLY
PROGRESS
PROGRESSED
PROGRESSES
PROGRESSING
PROSPERED
PROSPERING
PROSPERITY
PROSPEROUS
PROSPERS
REBOUND
REBOUNDED
REBOUNDING
RECEPTIVE
REGAIN
REGAINED
REGAINING
RESOLVE
REVOLUTIONIZE
REVOLUTIONIZED
REVOLUTIONIZES
REVOLUTIONIZING
REWARD
REWARDED
REWARDING
REWARDS
SATISFACTION
SATISFACTORILY
SATISFACTORY
SATISFIED
SATISFIES
SATISFY
SATISFYING
SMOOTH
SMOOTHING
SMOOTHLY
SMOOTHS
SOLVES
SOLVING
SPECTACULAR
SPECTACULARLY
STABILITY
STABILIZATION
STABILIZATIONS
STABILIZE
STABILIZED
STABILIZES
STABILIZING
STABLE
STRENGTH
STRENGTHEN
STRENGTHENED
STRENGTHENING
STRENGTHENS
STRENGTHS
STRONG
STRONGER
STRONGEST
SUCCEED
SUCCEEDED
SUCCEEDING
SUCCEEDS
SUCCESS
SUCCESSES
SUCCESSFUL
SUCCESSFULLY
SUPERIOR
SURPASS
SURPASSED
SURPASSES
SURPASSING
TRANSPARENCY
TREMENDOUS
TREMENDOUSLY
UNMATCHED
UNPARALLELED
UNSURPASSED
UPTURN
UPTURNS
VALUABLE
VERSATILE
VERSATILITY
VIBRANCY
VIBRANT
WIN
WINNER
WINNERS
WINNING
WORTHY